ANI_cluster	Representative_MAG	S37	S50	S15	S17	S41	S82	S7	S46	S3	S90	S66	S18	S2	S24	S91	S47	S44	S71	S85	S42	S27	S23	S73	S22	S13	S75	S32	S19	S67	S9	S1	S65	S35	S20	S96	S69	S38	S102	S63	S80	S5	S99	S53	S74	S51	S49	S56	S152	S36	S94	S54	S33	S70	S87	S62	S8	S60	S29	S48	S86	S72	S58	S95	S77	S14	S4	S39	S26	S57	S21	S88	S61	S98	S43	S10	S30	S12	S78
Cluster_001	MAG51	0.75946862	0.22146384	1.39936577	27.40435534	23.14033285	20.53624647	1.544621975	25.49075532	11.53736607	21.42822856	22.36965	27.5387441	10.75247548	28.20502579	0.67615912	25.78592943	0.77014475	21.54917072	0.92333677	23.18131672	0.96127267	24.07701379	0	26.62400044	1.44691687	0.2771921	0.78453417	0.878039	0.74426477	1.68748091	10.07944572	20.53990776	24.33904285	1.19738841	22.73883056	0.57114415	0.75169611	21.56394959	0.73294495	22.28897493	30.21418035	0.78076969	26.11391108	0	0.64942973	0.48927247	0.6367005	20.94793128	22.72631684	20.74029514	25.21316407	0.7119675	24.21833079	0.6699378	0.62723912	1.45613842	22.26491498	26.83182154	25.81570369	21.57099641	19.9587998	21.72125658	0.46454121	18.66682588	1.532061714	30.43736152	0.79795575	0.90909792	0.7158059	1.03935292	20.37428991	0.46273075	22.6728231	0.72905871	22.83980159	26.02198633	30.85295151	19.43878585
Cluster_002	MAG56	2.80614796	2.76378838	4.500139	0.63044341	0	0.16068302	5.5149029	0	9.4020814	0	0	0.41199993	9.9856877	0.18939547	2.78480475	0	4.3839732	0	3.2812106	0	4.6373227	0	2.01902963	0.18671696	4.8068759	2.82722484	4.1622276	4.5235545	3.20823	7.3151816	8.4862836	0	0	5.2539022	0	3.80492	3.7369329	0	3.2847541	0.16925246	0.65203096	3.7951976	0	2.03566527	2.63646506	2.72266317	2.66763604	0.50484351	0	0	0	3.3090754	0	3.3626589	2.5622129	6.0529876	0	0.18866238	0.20268446	0.16424124	0	0	2.99863724	0	5.2297821	0.66936253	2.95507996	4.2816756	3.3423215	4.9608513	0	2.52945271	0	3.7336668	0.1760701	0.53682361	0.63387761	0
Cluster_003	MAG75	1.0438058	1.0922629	1.4920243	0.26843598	0	0.18299696	1.8592509	0.23818411	2.7843204	0	0	0.29247394	2.9976952	0.24907447	1.0200486	0	1.558047	0	1.1198895	0	1.6251204	0.23105097	0.7948982	0.2353509	1.6001097	1.1049588	1.4664714	1.5871887	1.1702025	2.4070392	2.512753	0	0.23005761	1.8754532	0	1.3511609	1.3246137	0	1.2282615	0.20282191	0.26800048	1.346133	0	0.7976331	1.0390276	1.0775113	0.9648581	0.20033397	0.1902556	0	0	1.139208	0	1.2033124	0.97010124	2.0117884	0	0.2383773	0.26690897	0.20237935	0	0	1.0722442	0	2.5789022	0.28548267	1.1283374	1.5434873	1.1542007	1.7138795	0	0.97646	0	1.3323554	0.21710372	0.28017032	0.29030752	0
Cluster_004	MAG31	1.1748676	1.1982244	1.6220394	0.3712395	0.26702246	0.24128917	1.9757677	0.31074175	3.0975132	0.23071538	0.23571135	0.34307456	3.216825	0.31351435	1.0842702	0.29141614	2.591075	0	1.258289	0.2696561	1.7663528	0.30831528	0.8866047	0.31689584	1.7346928	1.2814673	1.5789102	1.6766435	1.3749883	2.6387703	2.787824	0.25703102	0.295789	1.9752277	0.28878066	1.6330261	1.4134429	0	1.3518093	0.27467036	0.35005444	1.484057	0.28909057	0.9256163	1.1428651	1.1575754	1.0328629	0.25992358	0.25926143	0.26675427	0.27817637	1.2631655	0.2821058	1.3029222	1.0703313	2.1803408	0.260168	0.32949585	0.37871435	0.25859773	0	0.2672377	1.1733183	0	1.9095457	0.3611685	1.2584686	1.6253718	1.3021928	1.859347	0.22796729	1.0989766	0.23028447	1.4995719	0.28440684	0.3580688	0.38681975	0
Cluster_005	MAG66	1.3310149	1.227213	3.0013237	0.3014217	0	0.2321976	2.4776335	0.23791829	3.1297503	0	0	0.3229078	3.2231684	0.2607099	1.4559203	0	1.8103176	0	1.6527573	0	2.041904	0.24449691	1.014108	0.2638203	2.322627	1.2014374	1.8088706	1.9774773	1.6055195	3.0997334	2.814497	0	0.23721284	2.3056684	0	1.8005673	1.4832573	0	1.3224281	0.24182026	0.31166935	1.7617711	0	0.9461935	1.2311262	1.1795952	1.4689903	0.25865355	0.2002737	0	0	1.6067129	0	1.5486457	1.133488	2.7252374	0	0.24974209	0.265874	0.23755899	0	0	1.3993248	0	2.4210465	0.33756465	1.4035404	1.9427402	1.6971327	2.3275425	0	1.125452	0	1.6496277	0.25498408	0.27589685	0.32389462	0
Cluster_006	MAG16	1.5391338	1.3827435	2.5206323	0.28307503	0	0.20436339	2.8991005	0	3.750045	0	0	0.2777909	3.8660212	0.22725987	1.6941428	0	2.1698968	0	1.9448391	0	2.349206	0.21170583	1.1179379	0.22952777	2.7154796	1.3740395	2.1205766	3.2631698	1.8459188	3.6736042	3.3539844	0	0.19929408	2.6735663	0	2.072789	1.7042423	0	1.5295897	0.21917482	0.3012048	2.1112103	0	1.0441719	1.422217	1.3116192	1.7615408	0.2520236	0	0	0	1.9496295	0	1.8132063	1.2703149	3.0331624	0	0.23883031	0.21709956	0.19388069	0	0	1.697689	0	2.7990742	0.30801925	1.6205529	2.2353597	2.0029638	2.801353	0	1.2857716	0	1.9355215	0.23367108	0.25013033	0.28789568	0
Cluster_007	MAG27	1.7946986	1.4741546	2.5087047	0.5258018	0.3459088	0.3998551	2.8425868	0.5616367	3.5476677	0.3197631	0.32841703	0.5027836	3.5868459	0.44998097	2.0568068	0.46820182	2.2221239	0.39226952	2.060076	0.37004182	2.378293	0.4149355	1.3935702	0.49735457	2.7601714	1.5797443	2.432163	2.340809	2.1890714	3.4722044	3.1872804	0.33065784	0.49594522	2.716503	0.48767644	2.5146208	1.8823185	0.33104232	1.8239058	0.42894322	0.52428424	2.3676562	0.35970733	1.3738222	1.5521613	1.4697173	2.1221287	0.4662054	0.43331012	0.3537032	0.35582492	2.1940415	0.4071757	2.916715	1.5706316	2.9972596	0.4125887	0.44088584	0.53434646	0.38540688	0.34987202	0.40066013	2.0763557	0.27076125	2.7797818	0.53539276	1.878758	2.2389774	2.3030615	2.9314542	0.39386716	1.5474014	0.3520323	2.1725001	0.44208515	0.46221244	0.48880768	0.2872348
Cluster_008	MAG78	4.6398282	7.3270454	0.35372451	2.27969864	2.9955206	2.28444894	0.36239555	2.7860416	0	3.071758	2.61288545	2.80136503	0	2.8940387	6.0157028	3.31143506	5.1732231	2.95790684	1.92882414	3.72354217	2.53986911	3.27049972	6.4478885	2.3613374	0.32165491	4.1409345	3.391573	1.01294919	6.193278	0	0	2.44403116	2.98789107	1.57240411	2.90072201	4.7813446	5.3405782	3.15597445	4.2757358	1.792381	1.53110248	5.0381978	3.49445826	7.0890901	7.4345196	6.1665726	4.0474117	1.26334079	2.50516579	3.39973051	3.82198496	4.20748405	2.89148448	3.05430543	4.5709685	0	2.67856471	2.96670287	3.09312103	2.67562543	2.92832961	2.69854715	4.21923335	3.2829223	0.51526209	1.66818325	5.5343846	2.76881094	4.24912994	1.59101978	2.42791289	6.9193113	1.86540895	5.066659	2.20605415	2.88498222	3.14265384	3.0821464
Cluster_009	MAG69	1.1492903	1.9699887	0.14385396	0.5962832	0.89055055	0.5850661	0	0.8240584	0	0.9044074	0.8544845	0.68669415	0	0.8111899	1.1993726	0.95636916	0.9908887	1.0262799	0.45525345	1.2167423	0.5735654	0.9288963	1.9870731	0.6300014	0	1.5761667	0.7296144	0.22258195	1.3354257	0	0	0.77489257	0.84964514	0.35539284	0.8686986	1.1436765	1.2906213	1.1132361	1.2815471	0.4677256	0.3792338	1.1875876	1.2139621	2.3024664	3.0341816	1.6565344	1.0432501	0.3156149	0.6614739	1.1711897	1.2113872	0.9054424	1.0980456	0.6498544	1.2975297	0	0.88133925	0.80910134	0.98577696	0.6927842	1.0713537	0.87688434	1.0663576	1.1949058	0.1583624	0.41961083	1.3554142	0.61998117	1.0068439	0.3587889	0.73859036	2.1147687	0.65843713	0.9689333	0.57832086	0.79117143	0.8287704	1.1219661
Cluster_010	MAG59	1.1284288	2.9455087	0	0.56049514	0.83241034	0.55824244	0	0.7617154	0	0.83189017	0.79089916	0.67208606	0	0.78008395	1.177574	0.88390166	0.9748641	0.92038596	0.44084632	1.1121162	0.5770009	0.86559165	1.872717	0.57799745	0	1.4288596	0.71549916	0.2163131	1.2551968	0	0	0.7114792	0.8065573	0.35554543	0.8089937	1.0873095	1.2490073	0.9973356	1.231409	0.447404	0.3558282	1.1554567	1.0703099	2.0945628	1.9249756	1.5929543	1.0049435	0.3082186	0.62228256	1.0728928	1.0962784	0.906338	0.96514535	0.6424805	1.2498754	0	0.7835934	0.7594712	0.90891546	0.6609032	0.9526091	0.78491336	1.0353624	1.0675005	0.15792564	0.42110744	1.324049	0.6363601	0.9779795	0.35852093	0.67358404	1.9178894	0.5909946	0.9688993	0.5506515	0.73259085	0.76843816	0.9960079
Cluster_011	MAG50	1.1462697	1.7415907	0.17464787	0.5332358	0.74839497	0.5464928	0.18396491	0.7102504	0	0.7572025	0.71134335	0.6413629	0	0.7150055	1.251925	0.8404993	1.0829396	0.8084831	0.49732992	0.92345476	0.6288991	0.773861	1.5799141	0.57062703	0.15630434	1.0983053	0.85049134	0.2925725	1.3435239	0	0	0.64590806	0.74656594	0.42546785	0.7267107	1.187139	1.2887174	0.86880046	1.0650767	0.4351002	0.3587005	1.2374483	0.9118271	1.7747141	1.7923493	1.5258613	1.0047817	0.32130387	0.60834056	0.8960396	0.98398274	1.0188216	0.77690333	0.7791274	1.1347702	0	0.70980626	0.71709967	0.78487587	0.6489576	0.8103431	0.7247086	1.0374824	0.9027747	0.18620542	0.39128062	1.3639342	0.69823205	1.7919568	0.41608888	0.6280252	1.7094309	0.5353163	1.1099024	0.51634246	0.6805036	0.7189624	0.85493785
Cluster_012	MAG8	1.1756872	2.2010355	0.19045588	0.6109435	1.1213417	0.5793959	0.21989232	1.0018332	0	1.1175417	1.1922399	0.67387444	0.14353798	0.9229523	1.1480461	1.1791135	0.9973222	1.4388636	0.44671696	1.6320375	0.57736665	1.0934824	2.5635536	0.6827301	0.1849177	2.222077	0.7437215	0.30373397	1.430649	0	0	1.0516832	1.0089658	0.41569838	1.1105199	1.2643571	1.2989835	1.554724	1.6062189	0.49182507	0.37122804	1.2691883	1.6463455	2.9709604	2.3024726	1.9337649	1.2536842	0.32563788	0.7354166	1.6408387	1.6207759	0.827614	1.5778935	0.67398375	1.6101947	0	1.2114689	0.9007788	1.2953885	0.7411158	1.5447286	1.2219507	1.2276914	1.7080802	0.21589458	0.44781896	1.4126058	0.66402715	1.1022736	0.4152885	0.91791195	3.718945	0.9928507	0.9633472	0.6034039	0.89141786	0.85399944	1.617922
Cluster_013	MAG13	0.24763143	0.24833488	0.18472627	4.787111	2.5867527	2.310889	0.19605282	2.4485908	0.49122575	2.2811525	3.3058453	3.0387914	0.30715895	3.4786725	0.16202304	3.1249557	0.14463548	2.47331	0.2010441	2.5465784	0.24990271	3.1204293	0.30627617	2.9020734	0.23008241	0	0.15488358	0.22214344	0.16765946	0.20286053	0.28518054	2.9280229	2.8000925	0.21674234	2.3074799	0	0.26215923	2.453214	0.23734088	2.2908168	2.5622427	0.20585068	3.2019596	0.21147156	0.18268122	0.2785948	0.20819037	2.0618715	2.9892898	2.2755477	2.9951892	0.16995393	2.8833861	0.13969268	0.22113013	0.18494245	2.6329536	3.1351051	3.2979596	2.1366668	2.3138704	2.9226072	0.16074017	2.1405573	0.23420827	2.7049077	0.26924852	0.31623814	0.15622959	0.25901386	2.1653495	0.35232642	2.2793152	0.15547362	2.361555	3.2856467	3.1501052	2.3034742
Cluster_014	MAG41	0.15645923	0.16419418	0	3.185275	2.5847797	2.382643	0	2.4151828	0.37556934	2.328855	5.6754494	3.13507	0.15824974	3.6767693	0	3.2527869	0	2.5158527	0.10872461	2.6615798	0.14779878	3.3360114	0.25806516	3.0100894	0.1248723	0	0	0.13795854	0	0	0.13763595	3.0453794	2.882366	0	2.265278	0	0.17243776	2.440414	0	2.3453648	2.5815294	0	3.309174	0	0	0.21263671	0.16282989	2.1078207	3.2354152	2.2600412	3.0798557	0	2.9803207	0	0.14681931	0	2.7392173	3.3147802	3.469108	2.1882863	2.2927957	3.0284915	0	2.0941355	0.12982519	2.696261	0	0.22091675	0	0.1426487	2.2226415	0.28897595	2.2054403	0	2.3693252	3.3933625	3.2035697	2.3240638
Cluster_015	MAG81	0.2125205	0.20661727	0.15422678	2.892185	2.3758461	2.150514	0.1587701	2.2223065	0.44871402	2.1188958	3.0674574	4.5969367	0.26139823	3.2084668	0	2.8795204	0	2.321088	0.15939432	2.3564618	0.20666713	2.9008977	0.27577338	2.717246	0.19732933	0	0	0.18160576	0	0.17018096	0.23316932	2.6826537	2.5645106	0.18553881	2.1461055	0	0.21877065	2.2564116	0.20798682	2.1287093	2.3439925	0.17104994	2.9293625	0	0	0.25010413	0.18924066	1.9287626	2.797046	2.073862	2.723538	0.14452544	2.6211932	0	0.19470447	0.15720867	2.4629765	2.948467	3.0457218	1.9670624	2.1094723	2.6535494	0	1.9896677	0.19548447	2.4923267	0.21467404	0.27345163	0	0.2236843	1.9891919	0.3147516	2.0585797	0.13161546	2.1688583	3.0527549	2.8805606	2.0984576
Cluster_016	MAG38	0.46251574	0.44476044	0.37147155	2.7838917	2.464018	2.070883	0.3723093	2.4787676	0.6269674	2.1957252	2.7833128	2.797677	0.5180501	3.0666788	0.3424811	2.8743877	0.3034098	2.5249832	0.35623318	2.438819	0.419028	2.7195168	0.45865855	2.7411397	0.3850526	0.47480202	0.3233495	0.36592093	0.34146333	0.3755743	0.4944669	2.5881896	2.5364332	0.39923522	2.3882608	0.33903527	0.4507664	2.5252345	0.44491994	2.2020938	2.48656	0.36606225	2.9941545	0.4298609	0.37557206	0.46160412	0.31079325	1.9274421	2.6071844	2.3057826	2.8677077	0.33046862	2.7605088	0.2726026	0.39802355	0.36608323	2.5214276	2.7464337	2.907105	2.1049895	2.3372264	2.7241774	0.33990946	2.2686105	0.40977857	2.475263	0.49913174	0.4568807	0.29769298	0.45120153	3.6500974	0.48582396	2.2942395	0.31000873	2.2067463	2.8219094	2.8351686	2.3309104
Cluster_017	MAG12	0.806874	0.7313465	0.62704253	3.3663514	3.217962	2.507027	0.66243494	3.4001422	1.0105612	2.8302684	3.0864406	3.4814491	0.9248181	3.711191	0.5741168	3.5800927	0.53680825	3.3281271	0.58521014	3.0094228	0.6917899	3.1371493	0.64963096	3.3959584	0.620477	0.7443941	0.56993675	0.58731514	0.6144453	0.68806624	0.8675004	3.0078826	3.1613622	0.7199485	3.215902	0.56733644	0.7493806	3.4116445	0.74786264	2.7738593	3.1886377	0.6112907	3.7836945	0.6778223	0.65415084	0.7225232	0.4817943	2.4228106	2.9553423	2.9951248	3.5487509	0.5661864	3.392318	0.48092362	0.6446833	0.5937071	3.0919507	3.3010986	5.603904	2.697969	3.1184008	3.27071	0.5470183	2.9948733	0.6921243	3.2146068	0.85215485	0.729751	0.46439153	0.7447553	2.4623065	0.73001844	3.151665	0.49323928	2.8215568	3.2901504	3.5759337	3.1183267
Cluster_018	MAG25	0.68804306	0.60385966	0.5836316	3.3300858	3.0286467	3.935434	0.61826974	3.1869674	0.95089763	2.6660144	2.9059615	3.3399978	0.8829556	3.5812385	0.5001587	3.5027494	0.49156728	3.052627	0.547212	2.82941	0.66093516	3.0154371	0.5609521	3.34687	0.61651725	0.69000804	0.48872265	0.5454612	0.5239188	0.64002025	0.8308923	2.8529925	2.97943	0.6400477	3.052115	0.5272229	0.68250996	3.1737266	0.64539564	2.7194026	3.143497	0.549741	3.4617217	0.5796994	0.5411402	0.627258	0.42527395	2.394854	2.8230379	2.860848	3.2910523	0.48797175	3.1738129	0.42213526	0.5780478	0.5730836	2.8976915	3.2814546	3.373939	2.6056173	3.0285177	3.0672076	0.48315018	2.7061954	0.62963825	3.1243715	0.7602566	0.7028366	0.4323869	0.718992	2.3578312	0.62645084	3.0852017	0.44522953	2.8035707	3.206314	3.4678226	2.8814137
Cluster_019	MAG60	0.7536741	0.6964544	0.55114585	2.9324038	2.8189027	2.270038	0.5941538	5.141898	0.8792549	2.567384	2.8671877	2.9829082	0.7812758	3.208873	0.5757381	3.3011813	0.5055005	3.1059194	0.5548528	2.6597707	0.6428165	2.7872677	0.6734904	2.976558	0.5684989	0.75314677	0.5506933	0.55971104	0.5762629	0.60856706	0.763616	2.7630904	2.804717	0.6447098	2.8523104	0.5743111	0.72836	3.0844407	0.7049978	2.4448636	2.7315853	0.56981945	3.3500106	0.6994325	0.63301116	0.708757	0.5109103	2.1843328	2.7118459	2.704091	3.1780705	0.5649213	3.0652285	0.47208956	0.6485099	0.56432235	2.8503156	2.9441123	3.2081273	2.373858	2.8581178	3.052935	0.57339394	2.7111905	0.63105404	2.7403395	0.77530104	0.6870778	0.49908787	0.69480133	2.2612739	0.682229	2.7588868	0.51234186	2.476244	2.9067185	3.0937717	2.808259
Cluster_020	MAG7	9.677413	7.7760484	11.195375	1.24897514	1.70782577	1.97115286	10.3856768	2.14125134	3.6838837	2.19780474	2.14309496	1.25356945	3.7502328	1.64983259	11.4617017	1.71156924	11.9664252	3.2719986	13.0889774	1.9093652	11.2757048	1.92072014	10.0337493	2.09039032	10.9111154	8.3735748	11.8828905	12.7805414	13.6438147	8.4061911	4.339138	2.78859547	2.34917414	11.0188971	3.39041096	14.8065084	9.6879993	3.0716813	10.432656	1.75835272	1.5067532	12.7806101	1.22244892	8.8465228	7.1055829	8.3487208	16.071733	2.9902724	2.48684516	2.53093697	1.49096106	11.2799876	2.36942254	14.6634366	12.0106402	9.2314845	2.9651182	2.15516728	1.9471349	2.40585244	3.4003429	2.72589929	13.0788412	3.6238209	9.7419082	1.36268923	6.9481887	11.250052	15.6768045	10.6375	3.061521	9.1764989	3.9080745	12.1477603	2.30429985	2.2403366	1.02661766	3.6071425
Cluster_021	MAG32	4.074044	3.3425605	4.9112854	0.8295018	1.0936934	1.3272591	4.602828	1.4268442	2.3014205	1.3755735	1.313421	0.85330915	2.366675	1.1014553	4.6318316	1.1817166	4.820806	2.0600796	5.611457	1.191879	4.6816487	1.2750404	4.40938	1.3706158	4.8764176	3.8792915	4.8018184	5.361316	5.4482303	3.8673606	2.692061	1.7027148	1.568442	4.332924	2.1698575	5.8831677	4.033406	1.9243653	4.4143434	1.2299254	1.0324066	4.928605	0.8468508	3.957295	4.5461287	3.7107425	6.463858	1.8959934	1.6980472	1.6196715	1.0284618	4.6851172	1.4921633	5.92727	4.96967	4.2441635	1.9699781	1.4465404	1.2872951	1.536952	2.1052308	1.7449349	5.0943666	2.2357213	4.527922	0.9032988	3.1134207	4.3571754	6.008079	4.078175	1.9154462	4.0314794	2.3555367	4.960485	1.5383134	1.4923921	0.74697447	2.318528
Cluster_022	MAG9	4.3796544	3.5458941	5.661088	1.1883322	1.4800917	1.7954912	5.20201	1.868269	2.9452825	1.860212	1.7177671	1.1906221	3.0135512	1.4907779	4.8479996	1.5455261	4.834946	2.6883347	6.1428733	1.5800223	5.0111194	1.6984855	4.6501675	1.842952	5.683395	4.2068086	4.8777533	5.7024803	5.5373607	4.4678063	3.4540799	2.2220788	2.0370088	4.6318145	2.886443	5.7973123	4.290588	2.4412436	4.5718803	1.6599127	1.4440223	5.1522126	1.1659312	4.0900908	3.3676126	3.809334	6.649379	2.5766158	2.2554302	2.1609864	1.322776	4.76628	2.0149403	5.9658785	5.1512237	4.9642186	2.5442662	1.9532113	1.7190164	2.0669034	2.7249634	2.2159488	5.1985	2.7992034	5.276677	1.2781335	4.898528	4.697102	5.981639	4.4722695	2.5260284	4.2021985	3.1009512	5.1088433	2.0715644	2.0013611	0.99903554	2.926949
Cluster_023	MAG61	2.3599787	3.0170898	0.44743288	0.22744264	0.35377103	0.18862975	0.4733315	0.34880993	0.181878	0.35631463	0.28031138	0.2504483	0.20616446	0.27628124	1.689073	0.29366717	1.6221529	0.33868372	1.1852403	0.39077768	1.5678749	0.26285157	3.0085976	0.22894965	0.3640612	3.2157621	1.607294	0.7843884	1.18386	0.32655114	0.16592695	0.2868318	0.3361709	1.2600105	0	0.9170462	2.060637	0.29724246	2.508259	0.1829785	0.17246638	0.9819463	0.46929047	2.6441205	4.3761964	2.811143	0.97638214	0.14473952	0.24770656	0.34004444	0.37941688	1.7870128	0.26872724	1.3355869	2.0195448	0.35152525	0.24039555	0.27718496	0.30576202	0.25649709	0.2903682	0.27710935	1.1562263	0.313814	0.47382456	0.17523937	2.463672	1.7049868	1.1099585	1.1348085	0.26224938	2.5712497	0	1.6924967	0.215745	0.24014501	0.30898225	0.28004023
Cluster_024	MAG63	2.3776805	4.679987	0.44969112	0.24702957	0.35425705	0.19724256	0.46871483	0.35260153	0.18485026	0.35152417	0.2873717	0.25738186	0.20749429	0.2894383	1.7131574	0.29838362	1.6222918	0.32940835	1.1814287	0.39517304	1.5464057	0.26624024	3.018539	0.23251095	0.35759148	3.2147448	1.6104516	0.78169036	1.1996189	0.333167	0.1690649	0.27583364	0.35035187	1.260488	0.19749114	0.9222011	2.0904915	0.31452405	2.4934046	0.19419476	0.17512242	0.9832062	0.4667091	2.6387427	2.8705492	2.818896	1.0033782	0.15569077	0.2550944	0.33793405	0.38680372	1.773151	0.27464265	1.3447751	2.0440674	0.35619608	0.24078964	0.28174132	0.3153393	0.26722422	0.29179114	0.28955287	1.1612979	0.31684494	0.47874546	0.17405385	2.4705625	1.6930445	1.1326542	1.1247361	0.27802625	2.5593948	0	1.6781027	0.22282517	0.244284	0.30322206	0.2799907
Cluster_025	MAG74	2.0504742	2.6566355	0.42711338	0.22411457	0.33467972	0.18422927	0.4532732	0.32626474	0.1889702	0.3363725	0.27770388	0.2341857	0.20198438	0.27041477	1.4799745	0.29319617	1.4132727	0.3298594	1.0570563	0.38610828	1.3780146	0.26322523	2.6315136	0.21869674	0.3346352	2.7462244	1.3972642	0.68958986	1.0617511	0.31475925	0.16864094	0.27374998	0.3302653	1.1046861	0	0.8209767	1.8056815	0.30333927	2.1715245	0.17292804	0.16510049	0.8743828	0.44043466	2.3281605	2.502855	3.9924774	0.8922191	0	0.25011712	0.33350572	0.3682278	1.564083	0.28366563	1.1731343	1.7755313	0.3320298	0.23828301	0.2649053	0.30378664	0.24773858	0.2942662	0.28005457	1.023405	0.3112745	0.44647697	0.1642383	2.1632128	1.4981382	0.9933753	0.9996329	0.26035532	2.246199	0	1.4655153	0.20928751	0.24005657	0.28824034	0.29094967
Cluster_026	MAG43	1.8675015	2.528589	0.3872612	0.27631077	0.42762005	0.23860501	0.39021578	0.41164744	0.16984418	0.44837302	0.39387095	0.303502	0.18447042	0.36315417	1.3675475	0.41166613	1.2818097	0.5001924	0.9388146	0.5691101	1.2141346	0.38356912	2.5471098	0.28355074	0.31243867	2.6618555	1.24455	0.63312745	1.0349157	0.28264812	0.1578796	0.38225642	0.40331516	0.9613038	0.32515252	0.8490126	1.682543	0.48150918	3.5570915	0.23140596	0.18991394	0.89100266	0.6088367	2.344052	2.416022	2.3165889	0.9193155	0.1742368	0.31861058	0.5189997	0.542957	1.3768948	0.46132648	1.0449475	1.710979	0.30024156	0.3815191	0.357299	0.4307483	0.30163553	0.476218	0.41847372	1.021433	0.5162106	0.40512687	0.20704696	1.9745061	1.3428346	0.9580104	0.90352523	0.3595323	2.2014427	0.31255266	1.3348541	0.26469064	0.32264176	0.35167512	0.46416262
Cluster_027	MAG11	17.3076786	14.6684685	18.9301095	19.9501853	25.4381145	31.1806495	15.8841509	22.2949273	13.5027677	27.332782	20.8825865	18.3597297	13.9314912	18.1628006	16.0406991	21.802282	13.3075835	21.8640245	19.092339	22.5010027	15.2428673	22.39726	14.3135886	22.5112046	18.3414815	15.2023078	14.158319	17.9630085	10.8662114	14.4975669	17.9186244	24.0919357	23.3374523	15.4746906	22.5767584	10.695894	17.0626976	21.4700395	12.7390496	31.865404	21.8506137	11.6294775	18.283995	15.2318767	13.649395	16.5896535	12.6629354	31.434345	26.1636755	24.8670777	20.9123663	16.1986253	17.172628	14.876513	13.3903967	18.8830363	24.281635	19.3830381	18.7306943	29.166432	22.272428	24.2917703	13.0511914	23.707258	17.709124	20.7049454	16.7651076	15.226303	10.0707761	15.1505006	28.170998	12.124553	22.9329749	13.9616485	26.992918	19.3259343	14.8165043	23.6868864
Cluster_028	MAG49	2.7701087	2.6755664	1.0887678	0.47177416	0.7919324	0.49373522	1.450978	0.7293933	0.30813205	0.6859671	0.8471092	0.57231534	0.32420075	0.5937089	2.487886	0.72959054	3.2197607	0.89758307	1.5689334	0.68044996	1.9801476	0.5540251	2.3113832	0.57753474	1.0317361	2.1722636	3.294631	1.9331305	3.4917293	1.0462785	0.3091667	0.8183014	0.63103926	2.2840278	0.59786046	3.4069142	2.5549452	0.94590795	2.3634655	0.45983225	0.34443057	3.04042	0.98622656	2.4519904	2.757745	2.9689176	2.3428497	0.35904393	0.64593714	0.71902996	0.90724146	2.4190142	0.8719981	3.0389457	2.4951687	1.0889308	0.7434007	0.5994071	0.7688809	0.58618164	0.8541257	0.89104676	2.7233832	0.9402591	1.1240699	0.3471255	2.8384674	2.240655	4.5081487	1.8585908	0.635305	2.5891612	0.7610976	3.645981	0.46854547	0.5447511	0.53210986	0.9002651
Cluster_029	MAG53	2.2843833	2.4056416	1.0752354	0.38558888	0.5940121	0.38805252	1.38204	0.57894367	0.29054278	0.5506165	0.67620355	0.49492267	0.30058247	0.4767851	2.1248178	0.55337006	2.7421746	0.71312433	1.4804454	0.55950147	1.8777565	0.46337426	2.040507	0.47126803	1.0179287	2.0460148	2.8427052	1.7535052	2.9484985	1.0506551	0.28102556	0.654605	0.5175601	2.1609244	0.52410007	2.8548036	2.100459	0.8214547	2.1963885	0.3707373	0.2782924	4.0789475	0.7829743	2.2047474	2.4735522	2.6239529	2.01052	0.2887529	0.50741714	0.61507803	0.7054168	2.107504	0.69545805	2.5507915	2.2429366	1.0685587	0.6032013	0.49648482	0.6010345	0.4872458	0.70206034	0.66429967	2.3951578	0.7133417	1.0869491	0.29122183	2.3052387	2.1167862	2.553369	1.7589912	0.4970115	2.3160727	0.6195956	3.0270827	0.3866346	0.467337	0.45391813	0.7348966
Cluster_030	MAG18	2.222659	2.5731559	1.4135069	0.3466626	0.48055166	0.36077046	1.7851009	0.43274868	0.38325283	0.46552622	0.5366406	0.41857502	0.39554274	0.39632887	2.1092045	0.45787433	2.6104023	0.57261026	1.8130447	0.4608027	2.1658144	0.3812183	2.1174304	0.39173147	1.383898	2.3427644	2.8115644	2.0367749	2.7570045	1.4369657	0.3714771	0.53179324	0.41756517	2.4579647	0.42203617	2.598689	1.9371076	0.5922949	2.448805	0.30939195	0.26930943	2.4051688	0.5857247	2.3038368	2.6506023	2.7949555	2.0673504	0.2824352	0.4050881	0.50350666	0.55681473	3.472849	0.52823484	2.528796	2.40864	1.4347826	0.4761695	0.40782326	0.4822756	0.40261546	0.5644693	0.53965694	2.280438	0.5813845	1.4870313	0.2782017	2.0910988	2.41144	2.3965914	2.042092	0.41852218	2.35413	0.51556015	2.9054344	0.34564543	0.38698998	0.38937804	0.5466688
Cluster_031	MAG14	3.4124446	1.9142962	1.9181695	1.163116	0.4856704	0.8661406	1.7778127	1.2775128	1.4743055	0.38993645	0.83661336	1.0586073	1.4588548	0.9465084	2.7386196	0.80910873	1.3572114	0.33912164	2.2549372	0.47601554	2.205794	1.0235593	4.3471813	1.12134	2.1136289	5.3484774	2.3738346	1.8109429	2.6632586	1.6536716	1.3109002	0.5773096	1.1651864	2.2633214	1.4919122	2.1846561	3.0465543	0.5780799	5.536854	0.78611743	0.74150294	2.238882	0.3472519	4.7820587	2.1658783	1.5181978	2.6266162	0.69608915	0.6359137	0.71873814	0.42819625	2.2756088	0.32910144	2.282914	6.650874	1.4657648	1.1679952	1.0573214	1.2936208	1.034007	0.35783374	0.75129175	2.9483275	0.28767863	1.8873677	0.7450987	4.1337404	2.0545788	2.210668	2.8101509	0.979987	4.0834994	0.7087356	1.6279182	0.82436407	0.8242921	0.9704428	0.39866006
Cluster_032	MAG87	4.2164764	3.2705464	6.909682	1.1237376	0.5421426	0.8777651	7.5157824	0.9084279	9.650445	0.52785206	0.58140874	1.0469922	9.623306	0.8650728	4.8193355	0.75200516	5.1949215	0.57067645	5.2208896	0.5867031	5.6379733	0.8217263	3.447236	0.94287884	7.1204896	3.9339375	5.7297173	5.807114	5.193877	8.998885	8.638209	0.5465899	0.8282225	6.311165	0.86697215	5.5511074	4.2063327	0.61804503	4.4916296	0.8543855	1.0949796	5.9501476	0.57668275	3.4837823	3.328815	3.2174141	5.3862004	0.974751	0.65591824	0.63910794	0.5794609	5.3773503	0.5500515	5.1040883	4.1578956	7.501225	0.7561282	0.8500959	0.88749737	0.8561071	0.49875808	0.6459304	5.1716847	0.47633985	7.2110615	1.1358466	4.367601	5.4792	5.784038	7.2142277	0.6962726	4.8812475	0.5850331	5.139015	0.91212404	0.8096275	0.9970331	0.4817375
Cluster_033	MAG22	0.93761855	0.91896117	0.5794458	4.108051	2.0414593	3.1606169	0.5845546	1.9090776	1.4421027	2.147943	1.285838	4.0427084	1.3429531	2.9284523	0.8504138	2.0445395	0.99732107	1.1584657	0.83685553	2.3371031	0.9473736	3.2042868	0.75680566	2.7364848	0.59048986	0.43223608	1.008935	0.5737751	0.7383569	0.5090884	1.1717846	1.3128445	2.0439167	0.72598094	1.6696359	0.6521042	0.9570441	1.120465	0.64214504	3.1327245	4.2466216	0.6263737	2.001181	0.9079554	0.97161645	0.7821987	0.55763733	3.6710439	2.0048	1.8953009	1.8462825	0.96224767	1.1931558	0.807242	0.6058112	0.48733753	1.4049269	3.0308783	1.7744571	2.8923357	1.117406	1.3086603	0.7486397	1.1604499	0.6995843	5.5509505	1.1344333	1.1772995	0.635656	0.8900723	1.8680537	1.1206517	1.0228236	0.7437549	3.8401492	3.3879106	4.3111258	1.2640096
Cluster_034	MAG83	1.040939	1.0321379	0.7065209	3.7768686	2.1183784	3.1563177	0.64291865	1.9833488	1.4416002	2.2831266	1.3522859	4.0962753	1.2899958	3.0078762	0.9884712	2.1329288	0.99106145	1.2798525	0.9357689	2.5060148	1.1193979	3.1780717	1.0440109	2.7252507	0.7261096	0.58809537	0.9509231	0.70546126	0.75079346	0.6455184	1.133819	1.2686913	2.1710074	0.93928075	1.7424853	0.7358505	1.1534334	1.3068388	0.92009467	2.8712928	3.7170987	0.6439837	2.162135	1.0002005	1.2138642	1.1108207	0.67687124	3.262845	2.0741215	2.0077124	1.9893731	1.0635371	1.3167282	0.8986304	0.73565644	0.6180349	1.5186198	3.0220916	1.8824841	2.8710897	1.2357839	1.4480532	0.83520144	1.3405241	0.8220168	3.5541072	1.2819564	1.2288803	0.6721284	0.9837598	1.9788221	1.1611727	1.0905097	0.8195187	3.7715812	3.4711626	6.0024614	1.3866193
Cluster_035	MAG19	2.7982426	2.7662008	2.5575902	1.3579173	1.9663197	1.9621335	2.2604616	1.5460473	1.4059025	2.0797246	1.7318414	1.2201066	1.4761986	1.265558	2.262845	1.4765673	1.8236917	1.8452768	2.6784823	1.8602849	2.5166357	1.4874262	2.6987517	1.4824884	2.718303	3.0950816	2.0318575	2.374482	1.964073	2.248867	1.6554955	2.052272	1.7572819	2.2418773	1.844278	2.0185566	2.5327387	1.8543874	2.8305247	1.9613361	1.4962574	2.12054	1.3244582	2.6820436	2.5002656	2.910185	2.9572687	1.9980704	1.9257786	2.0271087	1.5313774	2.2611444	1.622484	2.182145	4.373294	2.473928	2.0389764	1.4543406	1.4716808	1.9185776	2.0824008	1.9815029	2.1926603	2.1239505	2.6479297	1.4206216	2.4753869	2.4597855	2.0276048	2.2541218	2.157907	2.8923545	2.1982872	1.9431212	1.7949059	1.4341489	1.0421666	2.0057485
Cluster_036	MAG35	0.61736536	0.6786617	0.92009753	1.0681211	3.8403356	1.3669395	0.8822184	1.0663948	0.8640156	3.8259478	5.7628074	1.2781384	0.7936169	0.97014326	0.5906355	1.0278708	0.5007293	4.149914	0.7537372	3.8557727	0.6060961	1.0921053	0.57171667	1.0873004	0.8403096	0.74001074	0.4938961	0.76873165	0.44882217	0.68701035	0.9207999	6.0273094	1.2261149	0.6069362	1.1292834	0.424483	0.62004644	4.3975973	0.52365106	1.5278546	1.421847	0.46732095	3.9000695	0.5971447	0.53031814	0.59945357	0.48857662	1.7726046	1.2437917	2.9466026	3.1322708	0.6950727	8.618347	0.54526836	0.5511396	0.7844697	1.6658843	1.0767367	1.305831	1.5895847	6.3929534	2.1512313	0.43920353	5.6509223	0.9681473	1.1839806	0.64075094	0.62069076	0.3702932	0.6427356	1.2911456	0.49309248	2.8875592	0.51788676	1.3136152	1.0770049	1.0553814	4.434959
Cluster_037	MAG37	4.412838	4.088201	7.85937	1.0144835	0.6691775	0.85923576	8.553128	0.77496076	11.326143	0.6768573	0.5855307	1.0356745	11.316807	0.8076966	5.1028786	0.7385986	5.9824867	0.7635703	5.9380736	0.69016737	6.4176836	0.78997725	3.4752576	0.8072419	8.104545	4.023792	6.1259985	6.560626	5.4827976	10.315908	10.1694565	0.637491	0.7257308	6.9045687	0.6221411	5.955633	4.547453	0.71523106	4.3292522	0.8843424	1.0998027	6.3831725	0.7483755	3.4379594	5.3806386	4.078643	5.8432097	0.9604522	0.68517727	0.6597438	0.7125623	5.856211	0.7056603	5.546546	3.8484166	8.668886	0.67029667	0.7833935	0.76436067	0.81469387	0.6667353	0.72064734	5.363658	0.67172456	8.258516	1.1394503	4.521328	6.23657	6.3376546	7.905989	0.64567995	3.5656676	0.5534095	5.783739	0.8909151	0.7765639	1.0327047	0.6427214
Cluster_038	MAG52	0.6172381	0.5349251	0.6396062	0	0	0.39279678	0.5968242	0.57296	0.31756467	0	0	0	0.3251771	0.309356	1.6353604	0.47652504	1.3019168	0.46322328	0.61109424	0	0.57523465	0	0.63740814	0.31752926	0.66960484	0.60598385	1.2911199	1.2948638	1.3081341	0.5311945	0.36333242	0	0.3489619	0.64023256	0.536521	0.92641205	0.61813	0	0.53456	0.40739474	0	1.3876772	0	0.6033913	0.5064907	0.5799947	1.7520595	0.4075321	0.48085496	0	0	1.0568507	0.43207702	0.9671459	0.6079509	0.58781105	0.6332992	0	0.6922522	0.39168105	0	0.6425973	5.804727	0	0.62194645	0	0.5593053	0.5832333	1.6251001	0.74885184	0.95542485	0.5969849	0.4605891	1.4617988	0	0	0	0
Cluster_039	MAG62	2.4582365	2.3497605	3.062603	1.020455	1.4463732	1.5056969	3.9535818	1.1133217	1.0658998	1.4374963	1.2086254	0.87561554	1.1269	0.91900164	2.3434517	1.0690686	1.7377142	1.3931353	2.70536	1.2713648	2.6746151	1.0937679	2.467657	1.1364839	3.3849902	2.4940639	2.1205084	2.6150026	2.0603635	2.5329378	1.2824025	1.3869848	1.3102131	2.1796684	1.3976946	2.0803142	2.3747356	1.3473624	2.2497861	1.5439061	1.1104473	2.1074405	0.9219029	2.3227952	2.1621149	2.4726222	2.8386388	1.5058414	1.4214852	1.463741	1.035331	2.3309934	1.1550622	2.283831	2.4197075	2.7008064	1.4477936	1.0666881	1.040642	1.4449775	1.5803459	1.5111446	2.2338994	1.5958306	3.1632566	0.9934048	2.200498	2.5466802	2.0510652	2.324712	1.6100087	2.4403002	1.7614875	1.8236824	1.3402646	1.0533426	0.7039377	1.5084563
Cluster_040	MAG86	2.8541832	2.2965713	4.63034	2.029992	2.1289403	2.842225	4.254946	2.2630947	3.2944005	2.829725	2.5450027	1.9656968	3.3721113	2.3932314	3.1221938	1.980499	2.206834	4.1551175	4.1905107	2.4597304	3.1863532	2.7954745	2.7811317	2.5853791	4.485142	2.749828	2.6234386	3.8773088	2.476647	3.7621582	4.9639735	3.3043137	3.384612	3.5215905	4.5963078	2.4942405	2.7367792	4.017349	2.2891517	2.658138	2.6465638	2.526371	1.7719573	2.7265544	2.4048543	2.627619	2.2519512	3.7501812	3.4030516	3.7132838	1.7542964	2.6623297	2.6447384	2.8555274	2.26045	4.5480323	3.7775126	2.8169243	1.7370559	3.4162762	4.1473064	3.2035432	2.2783155	4.3918858	4.424561	2.346412	2.9020772	3.106143	1.9018044	3.433622	4.1634817	1.9693341	5.434091	2.4604151	3.1248152	3.2292256	1.6659073	4.366895
